reject,poster,spotlight,oral
using,video,parameters,generative modeling
detection,infinite,approximation,deformable
novel,trajectory,noise,expressiveness
robust,representation learning,self supervised,control of
solving,modular,demonstrations,voice
ability,robust,code,for large
specific,weights,fairness in,protein structure
environment,parallel,resolution,analysis on
fusion,integrating,for neural,like
for,similarity,inference with,of foundation
semi,forgetting,algorithmic,pose
datasets,conformal prediction,soft,automatic differentiation
adversarial,guided,with llms,world
normalized,frequency,proof,rendering
in neural,for,recurrent,odes
recommender,memory,mars,why
rewards,binary,inequality,gene
forecasting,better,its,artificial
adaptive,monotonic,for structured,need
secure,partially,geometric,efficiently
